image_width: 1600
image_height: 1200
camera_name: left_optical
camera_matrix:
  rows: 3
  cols: 3
  data: [1849.625374446069, 0, 785.9657382764235, 0, 1847.345907268202, 668.107302564725, 0, 0, 1]
distortion_model: plumb_bob
distortion_coefficients:
  rows: 1
  cols: 5
  data: [-0.4243648376462599, 0.2712849377981052, -0.006075466854282918, 0.001300650450483217, 0]
rectification_matrix:
  rows: 3
  cols: 3
  data: [0.998472979010011, 0.02395038109509498, 0.04978041213443377, -0.02430534478371176, 0.9996832058937349, 0.006537435962924673, -0.04960806791056532, -0.007737383241391247, 0.9987387909252132]
projection_matrix:
  rows: 3
  cols: 4
  data: [1822.773929645343, 0, 683.0097351074219, 0, 0, 1822.773929645343, 638.794059753418, 0, 0, 0, 1, 0]
