image_width: 1600
image_height: 1200
camera_name: camera
camera_matrix:
  rows: 3
  cols: 3
  data: [1789.027112434052, 0, 757.6707465179887, 0, 1793.761967956273, 630.2037444913973, 0, 0, 1]
distortion_model: plumb_bob
distortion_coefficients:
  rows: 1
  cols: 5
  data: [-0.3789021361873588, 0.1703055986331032, -0.001712344879422415, 0.0007250636869139101, 0]
rectification_matrix:
  rows: 3
  cols: 3
  data: [0.9793318192094164, -0.0006693801070074014, -0.2022590908074272, 0.001362419493138284, 0.9999936687389127, 0.003287292991875264, 0.2022556098037813, -0.003494912353988013, 0.979326530780484]
projection_matrix:
  rows: 3
  cols: 4
  data: [1770.209146992846, 0, 1177.779598236084, 0, 0, 1770.209146992846, 610.0334930419922, 0, 0, 0, 1, 0]