image_width: 800
image_height: 600
camera_name: camera
camera_matrix:
  rows: 3
  cols: 3
  data: [864.3879437358125, 0, 368.4371731670092, 0, 860.7921482225023, 286.3326562019506, 0, 0, 1]
distortion_model: plumb_bob
distortion_coefficients:
  rows: 1
  cols: 5
  data: [-0.3883363319484003, 0.1672784955040942, 0.002751046934493569, 0.001612778371604789, 0]
rectification_matrix:
  rows: 3
  cols: 3
  data: [0.9987467684017323, -0.04984439042846796, -0.004519883838210103, 0.04988787226408915, 0.9987039549760718, 0.01008020417026735, 0.004011584232991395, -0.01029305872745332, 0.9999389782051576]
projection_matrix:
  rows: 3
  cols: 4
  data: [856.2871970074598, 0, 362.2639389038086, 0, 0, 856.2871970074598, 285.0185737609863, 0, 0, 0, 1, 0]