image_width: 1600
image_height: 1200
camera_name: right_optical
camera_matrix:
  rows: 3
  cols: 3
  data: [1801.424695381593, 0, 682.6140640741453, 0, 1809.364632246605, 563.6617981368571, 0, 0, 1]
distortion_model: plumb_bob
distortion_coefficients:
  rows: 1
  cols: 5
  data: [-0.3655874802679768, 0.1098633311794631, 0.0004722272400516971, 0.003016692266098265, 0]
rectification_matrix:
  rows: 3
  cols: 3
  data: [0.9997253565913184, 0.01774586080278646, -0.01530672442847858, -0.01772598786624171, 0.9998418553983214, 0.001433020519117715, 0.01532973393530063, -0.001161300137986538, 0.9998818183362783]
projection_matrix:
  rows: 3
  cols: 4
  data: [1780.451109531253, 0, 687.545654296875, -179.6765164135476, 0, 1780.451109531253, 573.1146240234375, 0, 0, 0, 1, 0]