image_width: 1600
image_height: 1200
camera_name: left_optical
camera_matrix:
  rows: 3
  cols: 3
  data: [893.750902829, 0, 396.35250813, 0, 864.65432605, 325.892805742, 0, 0, 1]
distortion_model: plumb_bob
distortion_coefficients:
  rows: 1
  cols: 5
  data: [-0.3181630844613269, -0.02543114076704484, -0.001534776655405586, -0.004933917202680872, 0]
rectification_matrix:
  rows: 3
  cols: 3
  data: [0.9993473202626033, 0.02221909072845398, 0.02848237158585052, -0.02241027218252644, 0.9997283044914058, 0.006410686347342406, -0.02833219343183327, -0.007044799921903466, 0.9995737379550353]
projection_matrix:
  rows: 3
  cols: 4
  data: [850.382881585, 0, 354.849380493, 0, 0, 850.382881585, 315.272399902, 0, 0, 0, 1, 0]
