image_width: 800
image_height: 600
camera_name: left_optical
camera_matrix:
  rows: 3
  cols: 3
  data: [889.3104326371597, 0, 369.5455266769932, 0, 859.6839864726987, 305.2327794441156, 0, 0, 1]
distortion_model: plumb_bob
distortion_coefficients:
  rows: 1
  cols: 5
  data: [-0.3842251558928844, 0.1357927293613923, -0.003144544024627014, -0.0008277078571322251, 0]
rectification_matrix:
  rows: 3
  cols: 3
  data: [0.9988776077163226, 0.002680174589790421, -0.04728997216201904, -0.002608111489442381, 0.9999953419716703, 0.00158549343130776, 0.04729400128319589, -0.001460376365983483, 0.9988799451102693]
projection_matrix:
  rows: 3
  cols: 4
  data: [827.5350419604226, 0, 407.314640045166, 0, 0, 827.5350419604226, 299.5210075378418, 0, 0, 0, 1, 0]