image_width: 1600
image_height: 1200
camera_name: right_optical
camera_matrix:
  rows: 3
  cols: 3
  data: [1792.037587441288, 0, 748.0992581742154, 0, 1779.818667002814, 577.6953418334899, 0, 0, 1]
distortion_model: plumb_bob
distortion_coefficients:
  rows: 1
  cols: 5
  data: [-0.3680268468154872, 0.1570480096702076, 0.002095557488325649, -0.001352506897469485, 0]
rectification_matrix:
  rows: 3
  cols: 3
  data: [0.9997902027798227, 0.01626318486893727, -0.01245227864287862, -0.01627174088855568, 0.9998674346852034, -0.000586092557322338, 0.01244109617103035, 0.0007885898482820432, 0.9999222956070709]
projection_matrix:
  rows: 3
  cols: 4
  data: [1748.393644590714, 0, 752.5268325805664, -172.6627440279996, 0, 1748.393644590714, 593.4522323608398, 0, 0, 0, 1, 0]