image_width: 800
image_height: 600
camera_name: left_optical
camera_matrix:
  rows: 3
  cols: 3
  data: [899.1016951503439, 0, 365.1756238158944, 0, 871.1905929045807, 304.8770176965857, 0, 0, 1]
distortion_model: plumb_bob
distortion_coefficients:
  rows: 1
  cols: 5
  data: [-0.3338615337433061, 0.05378919361631754, -0.0007023558086415157, 0.002820086545965368, 0]
rectification_matrix:
  rows: 3
  cols: 3
  data: [0.9949082481373722, -0.01524663994612209, -0.09962488523746613, 0.0151142478452345, 0.9998836023497465, -0.002083570053275518, 0.0996450565773225, 0.0005672058245437263, 0.9950228846500239]
projection_matrix:
  rows: 3
  cols: 4
  data: [854.8334031328856, 0, 459.1751594543457, 0, 0, 854.8334031328856, 304.5369071960449, 0, 0, 0, 1, 0]