image_width: 1600
image_height: 1200
camera_name: right_optical
camera_matrix:
  rows: 3
  cols: 3
  data: [1769.182122210136, 0, 746.6574466745641, 0, 1752.682227876306, 610.2247299174669, 0, 0, 1]
distortion_model: plumb_bob
distortion_coefficients:
  rows: 1
  cols: 5
  data: [-0.3762725036145389, 0.215872021153826, -0.004966877275519999, 0.001937544191485483, 0]
rectification_matrix:
  rows: 3
  cols: 3
  data: [0.9982549054435657, -0.03387908397666312, 0.04836684222440055, 0.0343744381683343, 0.9993643779394498, -0.009446592311941945, -0.04801605729825402, 0.01109269014256176, 0.9987849670809689]
projection_matrix:
  rows: 3
  cols: 4
  data: [1711.950239200609, 0, 652.1470718383789, -173.1847578444818, 0, 1711.950239200609, 619.8357086181641, 0, 0, 0, 1, 0]