image_width: 800
image_height: 600
camera_name: left_optical
camera_matrix:
  rows: 3
  cols: 3
  data: [866.5827996624533, 0, 375.2156170471928, 0, 868.3669839693023, 283.8909832104155, 0, 0, 1]
distortion_model: plumb_bob
distortion_coefficients:
  rows: 1
  cols: 5
  data: [-0.3783384741721048, 0.1500108914541887, 0.001135380765130664, -0.0008501867206217444, 0]
rectification_matrix:
  rows: 3
  cols: 3
  data: [0.9984874589816073, 0.01275594168480962, -0.05347971772725459, -0.01345955454585893, 0.9998272654757945, -0.01281716047423697, 0.0533069849820841, 0.01351758717112748, 0.9984866750183454]
projection_matrix:
  rows: 3
  cols: 4
  data: [849.5915034509136, 0, 418.621452331543, 0, 0, 849.5915034509136, 288.6158866882324, 0, 0, 0, 1, 0]