image_width: 800
image_height: 600
camera_name: right_optical
camera_matrix:
  rows: 3
  cols: 3
  data: [905.4007954357269, 0, 364.361662790764, 0, 877.2474274004198, 301.4787293451528, 0, 0, 1]
distortion_model: plumb_bob
distortion_coefficients:
  rows: 1
  cols: 5
  data: [-0.3639498943920179, 0.1546356725722704, 0.002279992647566783, 0.003942735231233809, 0]
rectification_matrix:
  rows: 3
  cols: 3
  data: [0.9948353824486076, -0.01678886862297902, -0.1001034251096986, 0.01692187074097385, 0.9998566998536109, 0.0004796336852846565, 0.100081027767297, -0.002171093781170476, 0.9949769214573948]
projection_matrix:
  rows: 3
  cols: 4
  data: [854.8334031328856, 0, 459.1751594543457, -82.3487327987459, 0, 854.8334031328856, 304.5369071960449, 0, 0, 0, 1, 0]