image_width: 1600
image_height: 1200
camera_name: right_optical
camera_matrix:
  rows: 3
  cols: 3
  data: [1826.838479599096, 0, 712.4837886619825, 0, 1812.489488557362, 552.412557872956, 0, 0, 1]
distortion_model: plumb_bob
distortion_coefficients:
  rows: 1
  cols: 5
  data: [-0.3779997577438877, 0.1924709776153764, 0.003220908191744633, 0.003339021129616095, 0]
rectification_matrix:
  rows: 3
  cols: 3
  data: [0.9996849067101594, 0.02469869730761912, 0.004479023019175838, -0.02470313389648789, 0.9996943910477278, 0.0009379143908443622, -0.004454488926003798, -0.001048264765681559, 0.9999895292798766]
projection_matrix:
  rows: 3
  cols: 4
  data: [1786.907103201964, 0, 706.6649398803711, -54.26370668310606, 0, 1786.907103201964, 562.9660110473633, 0, 0, 0, 1, 0]