image_width: 800
image_height: 600
camera_name: left_optical
camera_matrix:
  rows: 3
  cols: 3
  data: [908.6802602647513, 0, 406.7485393697645, 0, 879.7077502653761, 326.7628697341131, 0, 0, 1]
distortion_model: plumb_bob
distortion_coefficients:
  rows: 1
  cols: 5
  data: [-0.3792661063723016, 0.1755257757579114, -0.005766863934773467, -0.005002344704527147, 0]
rectification_matrix:
  rows: 3
  cols: 3
  data: [0.9978969398021373, 0.03347972743244326, -0.05550500323915497, -0.03374940924590224, 0.9994226065480794, -0.003928217941447313, 0.05534143934776097, 0.005793217732159494, 0.998450681665963]
projection_matrix:
  rows: 3
  cols: 4
  data: [886.9818265795714, 0, 455.4492454528809, 0, 0, 886.9818265795714, 319.1825618743896, 0, 0, 0, 1, 0]