image_width: 1600
image_height: 1200
camera_name: left_optical
camera_matrix:
  rows: 3
  cols: 3
  data: [1772.86424267883, 0, 756.2562999647729, 0, 1757.455596424582, 639.0066466041432, 0, 0, 1]
distortion_model: plumb_bob
distortion_coefficients:
  rows: 1
  cols: 5
  data: [-0.3601884122735378, 0.1606791012438693, -0.003492121814800886, 0.001462915521239746, 0]
rectification_matrix:
  rows: 3
  cols: 3
  data: [0.9985976779557457, 0.01724975461688584, 0.05005120924663117, -0.01776325626517183, 0.9997938693517648, 0.009832880223204773, -0.04987127738739672, -0.01070816381473891, 0.9986982481808337]
projection_matrix:
  rows: 3
  cols: 4
  data: [1711.950239200609, 0, 652.1470718383789, 0, 0, 1711.950239200609, 619.8357086181641, 0, 0, 0, 1, 0]