image_width: 800
image_height: 600
camera_name: camera
camera_matrix:
  rows: 3
  cols: 3
  data: [895.0042031249219, 0, 384.5758614012574, 0, 897.3630085115029, 304.3163805225472, 0, 0, 1]
distortion_model: plumb_bob
distortion_coefficients:
  rows: 1
  cols: 5
  data: [-0.3714825750196292, 0.164350728071804, 0.0005378442886061692, -0.001309004095133349, 0]
rectification_matrix:
  rows: 3
  cols: 3
  data: [0.9972354802055156, -0.04391161734860535, -0.05994303029630974, 0.0446727593818672, 0.9989364372349732, 0.01141660779339422, 0.05937795540842108, -0.01406286692421054, 0.9981365107966883]
projection_matrix:
  rows: 3
  cols: 4
  data: [907.0417740198237, 0, 434.2787284851074, 0, 0, 907.0417740198237, 302.2256011962891, 0, 0, 0, 1, 0]