image_width: 800
image_height: 600
camera_name: right_optical
camera_matrix:
  rows: 3
  cols: 3
  data: [1824.882075271996, 0, 679.3348643715041, 0, 1761.626060207901, 541.7633840566201, 0, 0, 1]
distortion_model: plumb_bob
distortion_coefficients:
  rows: 1
  cols: 5
  data: [-0.3519013842386617, 0.1639330160565156, 0.004308040728486084, 0.008501019833336947, 0]
rectification_matrix:
  rows: 3
  cols: 3
  data: [0.888529263093514, 0.03515797205377078, -0.4574709451184449, -0.03028357087130518, 0.9993795024170881, 0.01798653618283867, 0.4578194556392068, -0.002127709952085092, 0.8890426417717996]
projection_matrix:
  rows: 3
  cols: 4
  data: [2183.63214680082, 0, 1768.866851806641, -279.2200743906354, 0, 2183.63214680082, 576.5339846611023, 0, 0, 0, 1, 0]