image_width: 800
image_height: 600
camera_name: right_optical
camera_matrix:
  rows: 3
  cols: 3
  data: [871.5913249488578, 0, 372.0625274217015, 0, 873.8829643452347, 294.4529488572981, 0, 0, 1]
distortion_model: plumb_bob
distortion_coefficients:
  rows: 1
  cols: 5
  data: [-0.3944753392618348, 0.1132567413283293, 0.001119996817936397, -0.001011002833117267, 0]
rectification_matrix:
  rows: 3
  cols: 3
  data: [0.9982445869802187, 0.01850805945680636, -0.0562600773180766, -0.01776504911431593, 0.9997486218273773, 0.01367831072266343, 0.05649909375077249, -0.01265483660120141, 0.998322446665374]
projection_matrix:
  rows: 3
  cols: 4
  data: [849.5915034509136, 0, 418.621452331543, -75.10261491665203, 0, 849.5915034509136, 288.6158866882324, 0, 0, 0, 1, 0]