image_width: 1600
image_height: 1200
camera_name: right_optical
camera_matrix:
  rows: 3
  cols: 3
  data: [1767.549724340381, 0, 716.2678059504887, 0, 1709.269108565737, 558.0490986238538, 0, 0, 1]
distortion_model: plumb_bob
distortion_coefficients:
  rows: 1
  cols: 5
  data: [-0.3418709334287579, 0.03963972753982558, 0.003604235122681744, -0.0008385950654891783, 0]
rectification_matrix:
  rows: 3
  cols: 3
  data: [0.9992620637316616, -0.0181743079109503, -0.03383818137398378, 0.01805713539654583, 0.9998298673189543, -0.003765139868976261, 0.03390085320477149, 0.00315134081306864, 0.9994202325363784]
projection_matrix:
  rows: 3
  cols: 4
  data: [1673.178061397376, 0, 764.4718627929688, -167.7341492214552, 0, 1673.178061397376, 576.066535949707, 0, 0, 0, 1, 0]
