image_width: 800
image_height: 600
camera_name: left_optical
camera_matrix:
  rows: 3
  cols: 3
  data: [886.242851582044, 0, 371.6911099633746, 0, 885.5542484609313, 290.976137597297, 0, 0, 1]
distortion_model: plumb_bob
distortion_coefficients:
  rows: 1
  cols: 5
  data: [-0.3571822155251447, 0.1232481723848336, 0.002084853004018642, -0.001601538066401751, 0]
rectification_matrix:
  rows: 3
  cols: 3
  data: [0.9988407628627685, 0.002288936358144207, -0.04808212988284878, -0.002297535935276701, 0.9999973530241404, -0.0001235853512720467, 0.04808171973160784, 0.0002339125077937367, 0.9988433778689179]
projection_matrix:
  rows: 3
  cols: 4
  data: [861.1243187943764, 0, 414.1659507751465, 0, 0, 861.1243187943764, 290.6231079101562, 0, 0, 0, 1, 0]