image_width: 1600
image_height: 1200
camera_name: right_optical
camera_matrix:
  rows: 3
  cols: 3
  data: [1787.156682643479, 0, 754.4216493603013, 0, 1728.594399744552, 601.9903735106047, 0, 0, 1]
distortion_model: plumb_bob
distortion_coefficients:
  rows: 1
  cols: 5
  data: [-0.3210895890254977, -0.08453864094388699, -0.001115663267294536, -0.002498937084831368, 0]
rectification_matrix:
  rows: 3
  cols: 3
  data: [0.9995428161869873, -0.02724945038782177, 0.01310061306001749, 0.02733699537065068, 0.999604811705521, -0.006550503742089108, -0.01291693822435037, 0.006905640356385523, 0.9998927266653042]
projection_matrix:
  rows: 3
  cols: 4
  data: [1700.765763170159, 0, 709.6987609863281, -171.5146569303692, 0, 1700.765763170159, 630.5447998046875, 0, 0, 0, 1, 0]