image_width: 800
image_height: 600
camera_name: right_optical
camera_matrix:
  rows: 3
  cols: 3
  data: [911.867278225051, 0, 375.4726353790974, 0, 881.1238995942407, 274.4453458269539, 0, 0, 1]
distortion_model: plumb_bob
distortion_coefficients:
  rows: 1
  cols: 5
  data: [-0.3760031396141867, 0.1683415640676377, 0.001989317302139863, 0.0007209991008825127, 0]
rectification_matrix:
  rows: 3
  cols: 3
  data: [0.9986356247179101, -0.02467090692283374, 0.04602429136743202, 0.02500746343654368, 0.9996644683869713, -0.006751104877280486, -0.04584229288265736, 0.007892844620223029, 0.9989175076987397]
projection_matrix:
  rows: 3
  cols: 4
  data: [858.5455753778764, 0, 331.150806427002, -86.88257796084683, 0, 858.5455753778764, 285.0242385864258, 0, 0, 0, 1, 0]