image_width: 800
image_height: 600
camera_name: right_optical
camera_matrix:
  rows: 3
  cols: 3
  data: [860.3721424772033, 0, 376.7378113626881, 0, 856.7599536298004, 282.9361297945757, 0, 0, 1]
distortion_model: plumb_bob
distortion_coefficients:
  rows: 1
  cols: 5
  data: [-0.3848093415219884, 0.1883072687902311, 0.002003319921901052, -0.0006906071921284706, 0]
rectification_matrix:
  rows: 3
  cols: 3
  data: [0.9982329611748579, 0.05738514857901087, 0.01542400553162448, -0.05722492925919033, 0.998304653984652, -0.01063603797778748, -0.01600820712495305, 0.009734606060294493, 0.9998244719697029]
projection_matrix:
  rows: 3
  cols: 4
  data: [856.2871970074598, 0, 362.2639389038086, -99.15405988392926, 0, 856.2871970074598, 285.0185737609863, 0, 0, 0, 1, 0]