image_width: 800
image_height: 600
camera_name: left_optical
camera_matrix:
  rows: 3
  cols: 3
  data: [895.3267442442026, 0, 366.5177169003105, 0, 896.2554046550383, 284.8423865422733, 0, 0, 1]
distortion_model: plumb_bob
distortion_coefficients:
  rows: 1
  cols: 5
  data: [-0.3778353238977439, 0.1487710982662613, 0.001151918711600601, 0.002368429133257059, 0]
rectification_matrix:
  rows: 3
  cols: 3
  data: [0.9990944021787884, 0.006957098561242782, -0.04197587777067197, -0.007746138920703374, 0.9997958016708733, -0.01866419816431735, 0.04183745770037187, 0.01897244688765517, 0.9989442794231641]
projection_matrix:
  rows: 3
  cols: 4
  data: [874.0805676643459, 0, 394.229621887207, 0, 0, 874.0805676643459, 298.3397827148438, 0, 0, 0, 1, 0]