image_width: 800
image_height: 600
camera_name: left_optical
camera_matrix:
  rows: 3
  cols: 3
  data: [887.1082314607645, 0, 384.1683385704181, 0, 890.4693446150415, 295.1485596356666, 0, 0, 1]
distortion_model: plumb_bob
distortion_coefficients:
  rows: 1
  cols: 5
  data: [-0.3744557746711396, 0.1624335109844407, -0.0004795944645246104, -0.0009804106322684489, 0]
rectification_matrix:
  rows: 3
  cols: 3
  data: [0.9960109669859241, -0.01715192624910842, -0.08756691766706037, 0.01671922469416072, 0.9998441330952277, -0.005672480998540039, 0.08765056285837959, 0.004185802312314485, 0.9961424887482773]
projection_matrix:
  rows: 3
  cols: 4
  data: [864.2253627875886, 0, 465.9430389404297, 0, 0, 864.2253627875886, 296.7787094116211, 0, 0, 0, 1, 0]