image_width: 800
image_height: 600
camera_name: left_optical
camera_matrix:
  rows: 3
  cols: 3
  data: [1787.190866133982, 0, 667.4621391125273, 0, 1724.752594261972, 548.9283447113901, 0, 0, 1]
distortion_model: plumb_bob
distortion_coefficients:
  rows: 1
  cols: 5
  data: [-0.3408886023821556, 0.06630237046782367, 0.003417068762701434, 0.008610244705334566, 0]
rectification_matrix:
  rows: 3
  cols: 3
  data: [0.8828510985511789, 0.07250065515177698, -0.464023267508796, -0.07744617090416041, 0.9969609827146835, 0.008419593627768888, 0.4632235188321725, 0.02850357779536287, 0.8857829969318691]
projection_matrix:
  rows: 3
  cols: 4
  data: [2183.63214680082, 0, 1768.866851806641, 0, 0, 2183.63214680082, 576.5339846611023, 0, 0, 0, 1, 0]