image_width: 800
image_height: 600
camera_name: left_optical
camera_matrix:
  rows: 3
  cols: 3
  data: [894.8788149720186, 0, 377.1823731810549, 0, 896.0687970471369, 304.7662340313314, 0, 0, 1]
distortion_model: plumb_bob
distortion_coefficients:
  rows: 1
  cols: 5
  data: [-0.3766726848546544, 0.1635194402783482, -0.000247539700854374, -0.000519209510133168, 0]
rectification_matrix:
  rows: 3
  cols: 3
  data: [0.9995791156398438, 0.02247492579622838, -0.01834309916894014, -0.02245315858425873, 0.9997469272826093, 0.001391782515829247, 0.01836973723975583, -0.000979336221768614, 0.999830782509874]
projection_matrix:
  rows: 3
  cols: 4
  data: [866.8039367828264, 0, 388.6851005554199, 0, 0, 866.8039367828264, 302.8471946716309, 0, 0, 0, 1, 0]