image_width: 800
image_height: 600
camera_name: right_optical
camera_matrix:
  rows: 3
  cols: 3
  data: [887.4053623319953, 0, 391.9052416671824, 0, 889.1010065726695, 297.6425480945958, 0, 0, 1]
distortion_model: plumb_bob
distortion_coefficients:
  rows: 1
  cols: 5
  data: [-0.3653458701128511, 0.1539535544949701, 0.001392941396605602, -0.0002300697476833459, 0]
rectification_matrix:
  rows: 3
  cols: 3
  data: [0.9971577199758456, -0.01087711707299979, -0.07455313418464317, 0.01124509612860905, 0.999926565955187, 0.004517799256857847, 0.07449851881501736, -0.005343315566872347, 0.9972068088782394]
projection_matrix:
  rows: 3
  cols: 4
  data: [864.2253627875886, 0, 465.9430389404297, -79.51722089126176, 0, 864.2253627875886, 296.7787094116211, 0, 0, 0, 1, 0]