image_width: 800
image_height: 600
camera_name: right_optical
camera_matrix:
  rows: 3
  cols: 3
  data: [890.8053388744511, 0, 365.5280579749049, 0, 861.3822704201971, 296.985452141709, 0, 0, 1]
distortion_model: plumb_bob
distortion_coefficients:
  rows: 1
  cols: 5
  data: [-0.3831632870102847, 0.1271726399135326, -0.001287276924129911, -0.0003284072054106591, 0]
rectification_matrix:
  rows: 3
  cols: 3
  data: [0.9986627226406442, -0.0002190774809573295, -0.05169834052494458, 0.0001402955752800299, 0.9999988235283735, -0.001527500906865287, 0.05169861434436466, 0.001518205166061155, 0.9986615784778878]
projection_matrix:
  rows: 3
  cols: 4
  data: [827.5350419604226, 0, 407.314640045166, -81.88439733234853, 0, 827.5350419604226, 299.5210075378418, 0, 0, 0, 1, 0]