image_width: 1280
image_height: 720
camera_name: right
camera_matrix:
  rows: 3
  cols: 3
  data: [688.8103637695312, 0.0, 637.7562866210938, 0.0, 688.8103637695312, 382.81585693359375, 0.0, 0.0, 1.0]
distortion_model: plumb_bob
distortion_coefficients:
  rows: 1
  cols: 5
  data: [-0.3418709334287579, 0.03963972753982558, 0.003604235122681744, -0.0008385950654891783, 0]
rectification_matrix:
  rows: 3
  cols: 3
  data: [1.0, 0.0, 0.0, 0.0, 1.0, 0.0, 0.0, 0.0, 1.0]
projection_matrix:
  rows: 3
  cols: 4
  data: [688.8103637695312, 0.0, 637.7562866210938, 0.0, 0.0, 688.8103637695312, 382.81585693359375, 0.0, 0.0, 0.0, 1.0, 0.0]
