image_width: 1600
image_height: 1200
camera_name: right_optical
camera_matrix:
  rows: 3
  cols: 3
  data: [1781.29190961891, 0, 736.1272772398773, 0, 1769.149128671699, 579.4128878107272, 0, 0, 1]
distortion_model: plumb_bob
distortion_coefficients:
  rows: 1
  cols: 5
  data: [-0.3741870908534481, 0.1588428509083093, 0.0009629376996561189, 0.0005876587016706346, 0]
rectification_matrix:
  rows: 3
  cols: 3
  data: [0.9988394570166456, 0.006424980440169411, -0.04773320367454922, -0.006310837022907635, 0.9999768565345131, 0.002541600170018034, 0.04774842869417648, -0.002237414064802899, 0.9988568874145785]
projection_matrix:
  rows: 3
  cols: 4
  data: [1718.522034842917, 0, 828.3662338256836, -51.55178458160173, 0, 1718.522034842917, 583.3672409057617, 0, 0, 0, 1, 0]