image_width: 800
image_height: 600
camera_name: left_optical
camera_matrix:
  rows: 3
  cols: 3
  data: [896.7436684350394, 0, 363.4450919287674, 0, 866.6492759845352, 296.5427626999815, 0, 0, 1]
distortion_model: plumb_bob
distortion_coefficients:
  rows: 1
  cols: 5
  data: [-0.3450856742252915, 0.1064272205084253, 0.004631852574292558, -0.001680965398025457, 0]
rectification_matrix:
  rows: 3
  cols: 3
  data: [0.9996018787843186, 0.02318169705282802, -0.01608393150356565, -0.0230781892009761, 0.9997119328978507, 0.006591540400177064, 0.01623210134469464, -0.006217728153764903, 0.999848917958379]
projection_matrix:
  rows: 3
  cols: 4
  data: [854.8881559960373, 0, 368.2251167297363, 0, 0, 854.8881559960373, 283.457691192627, 0, 0, 0, 1, 0]