image_width: 800
image_height: 600
camera_name: left_optical
camera_matrix:
  rows: 3
  cols: 3
  data: [914.1336596226166, 0, 386.4795519428234, 0, 884.1834654914443, 296.2083899043712, 0, 0, 1]
distortion_model: plumb_bob
distortion_coefficients:
  rows: 1
  cols: 5
  data: [-0.3846616333072889, 0.1977612773572004, 0.002134922850216723, -0.001578095827023828, 0]
rectification_matrix:
  rows: 3
  cols: 3
  data: [0.998477570418755, 0.02062859813548598, 0.05115664482376715, -0.02100288254880817, 0.9997563602097955, 0.0067896350934853, -0.05100412037572465, -0.007853735354997785, 0.9986675615767603]
projection_matrix:
  rows: 3
  cols: 4
  data: [858.5455753778764, 0, 331.150806427002, 0, 0, 858.5455753778764, 285.0242385864258, 0, 0, 0, 1, 0]