image_width: 1600
image_height: 1200
camera_name: left_optical
camera_matrix:
  rows: 3
  cols: 3
  data: [1825.682729063821, 0, 725.6444814684659, 0, 1812.512144969177, 566.8377061916965, 0, 0, 1]
distortion_model: plumb_bob
distortion_coefficients:
  rows: 1
  cols: 5
  data: [-0.3695957077539601, 0.1384495737082696, 0.004218294801897342, 0.003813012035717444, 0]
rectification_matrix:
  rows: 3
  cols: 3
  data: [0.9997742017493904, 0.02124653020136533, 0.0003612073803203183, -0.02124616096178121, 0.9997737776681502, -0.0009970614534448219, -0.0003823097634276713, 0.0009891620485699703, 0.9999994376986852]
projection_matrix:
  rows: 3
  cols: 4
  data: [1786.907103201964, 0, 706.6649398803711, 0, 0, 1786.907103201964, 562.9660110473633, 0, 0, 0, 1, 0]