image_width: 800
image_height: 600
camera_name: right_optical
camera_matrix:
  rows: 3
  cols: 3
  data: [1840.100352599456, 0, 750.5085460465301, 0, 1838.893688790699, 614.7059313957892, 0, 0, 1]
distortion_model: plumb_bob
distortion_coefficients:
  rows: 1
  cols: 5
  data: [-0.3988125193808601, 0.2470560734019881, -0.002632307837659513, 0.0007083167204872304, 0]
rectification_matrix:
  rows: 3
  cols: 3
  data: [0.9993071989874598, -0.01693100227785538, 0.03314307188093503, 0.01716725757454446, 0.9998291202730951, -0.006856786513958686, -0.03302131613377662, 0.007421011777110707, 0.9994270965233019]
projection_matrix:
  rows: 3
  cols: 4
  data: [1822.773929645343, 0, 683.0097351074219, -174.0199323174296, 0, 1822.773929645343, 638.794059753418, 0, 0, 0, 1, 0]
