image_width: 800
image_height: 600
camera_name: right_optical
camera_matrix:
  rows: 3
  cols: 3
  data: [895.2680826616077, 0, 355.4766503662171, 0, 864.5611338211027, 270.1523160799198, 0, 0, 1]
distortion_model: plumb_bob
distortion_coefficients:
  rows: 1
  cols: 5
  data: [-0.3490789420604404, 0.06049734930837454, 0.003192340085248129, 0.001010302829973234, 0]
rectification_matrix:
  rows: 3
  cols: 3
  data: [0.9996284885954405, -0.0182352441526025, -0.02025736061510533, 0.01810510405176371, 0.999814376058854, -0.00658928169980143, 0.02037375752457689, 0.006220072084751516, 0.9997730846084976]
projection_matrix:
  rows: 3
  cols: 4
  data: [854.8881559960373, 0, 368.2251167297363, -84.05087979454989, 0, 854.8881559960373, 283.457691192627, 0, 0, 0, 1, 0]