image_width: 1600
image_height: 1200
camera_name: right_optical
camera_matrix:
  rows: 3
  cols: 3
  data: [1806.711648534099, 0, 762.8886926969587, 0, 1809.775726838111, 589.9350703120696, 0, 0, 1]
distortion_model: plumb_bob
distortion_coefficients:
  rows: 1
  cols: 5
  data: [-0.3824838407780893, 0.1561098916300493, 0.001702118775574977, -4.659617283471199e-05, 0]
rectification_matrix:
  rows: 3
  cols: 3
  data: [0.9769076510681091, 0.01625491131892423, -0.2130427636475912, -0.01698525691967735, 0.9998544628350127, -0.001598185308653813, 0.2129857796472855, 0.005179865531281013, 0.9770415685430767]
projection_matrix:
  rows: 3
  cols: 4
  data: [1770.209146992846, 0, 1177.779598236084, -104.212096203694, 0, 1770.209146992846, 610.0334930419922, 0, 0, 0, 1, 0]