image_width: 800
image_height: 600
camera_name: right_optical
camera_matrix:
  rows: 3
  cols: 3
  data: [895.1416059602549, 0, 379.7277485835177, 0, 896.136277760308, 299.5872123525119, 0, 0, 1]
distortion_model: plumb_bob
distortion_coefficients:
  rows: 1
  cols: 5
  data: [-0.3820438436969448, 0.2039319638277375, 2.259952477940084e-05, -0.0006897266805788719, 0]
rectification_matrix:
  rows: 3
  cols: 3
  data: [0.9995170770198915, 0.02905625838857896, -0.01101574301027059, -0.0290693007282022, 0.9995768723507201, -0.001025678665906608, 0.01098127956048534, 0.001345403288418767, 0.9999387988218108]
projection_matrix:
  rows: 3
  cols: 4
  data: [866.8039367828264, 0, 388.6851005554199, -87.41858514713718, 0, 866.8039367828264, 302.8471946716309, 0, 0, 0, 1, 0]