image_width: 800
image_height: 600
camera_name: left_optical
camera_matrix:
  rows: 3
  cols: 3
  data: [897.7733049064755, 0, 388.6568411466157, 0, 868.7841473946053, 316.3521016650755, 0, 0, 1]
distortion_model: plumb_bob
distortion_coefficients:
  rows: 1
  cols: 5
  data: [-0.346213300596078, 0.09885962407083881, -0.0009591633090456262, -0.002195356181879817, 0]
rectification_matrix:
  rows: 3
  cols: 3
  data: [0.9995902539813936, 0.02632716790351438, 0.01123407208421332, -0.02641805924731031, 0.9996188065526175, 0.008020457089607956, -0.01101863380908638, -0.008313953121157385, 0.9999047294079974]
projection_matrix:
  rows: 3
  cols: 4
  data: [851.5590323035872, 0, 372.1716270446777, 0, 0, 851.5590323035872, 303.4002075195312, 0, 0, 0, 1, 0]