image_width: 800
image_height: 600
camera_name: right_optical
camera_matrix:
  rows: 3
  cols: 3
  data: [912.5022083247734, 0, 404.7468501761439, 0, 882.0983876433216, 316.3437745771099, 0, 0, 1]
distortion_model: plumb_bob
distortion_coefficients:
  rows: 1
  cols: 5
  data: [-0.3813559663173601, 0.1723698672839085, -0.00623381713873841, -0.004028902926641269, 0]
rectification_matrix:
  rows: 3
  cols: 3
  data: [0.9984329768044479, -0.01473418893656619, -0.0539860584391035, 0.01499666654489134, 0.9998775964421998, 0.004460058913396706, 0.05391373500278075, -0.005262680814110139, 0.9985317287741531]
projection_matrix:
  rows: 3
  cols: 4
  data: [886.9818265795714, 0, 455.4492454528809, -88.98251506749725, 0, 886.9818265795714, 319.1825618743896, 0, 0, 0, 1, 0]