image_width: 800
image_height: 600
camera_name: right_optical
camera_matrix:
  rows: 3
  cols: 3
  data: [897.0047582069444, 0, 352.7081637246744, 0, 899.4366213359647, 311.7793118488732, 0, 0, 1]
distortion_model: plumb_bob
distortion_coefficients:
  rows: 1
  cols: 5
  data: [-0.3506581343283427, -0.03019995573709215, -0.003010704915021776, 0.003570931116350046, 0]
rectification_matrix:
  rows: 3
  cols: 3
  data: [0.9987223875827189, 0.01351956795054303, -0.04869100351711731, -0.01260038789811964, 0.9997374958681594, 0.01913555800281087, 0.04893692640420117, -0.01849758464483049, 0.9986305706298085]
projection_matrix:
  rows: 3
  cols: 4
  data: [874.0805676643459, 0, 394.229621887207, -87.44936775190756, 0, 874.0805676643459, 298.3397827148438, 0, 0, 0, 1, 0]