image_width: 1600
image_height: 1200
camera_name: left_optical
camera_matrix:
  rows: 3
  cols: 3
  data: [1790.275806619208, 0, 759.0496216084271, 0, 1776.791559561763, 606.3968809935267, 0, 0, 1]
distortion_model: plumb_bob
distortion_coefficients:
  rows: 1
  cols: 5
  data: [-0.34559728393842, 0.08540268297851195, -0.0001762937528805438, -0.001866036699985417, 0]
rectification_matrix:
  rows: 3
  cols: 3
  data: [0.9999374014150657, 0.01118301933960942, 0.0003651434453807315, -0.01118326769283566, 0.9999372304421386, 0.0006853462013182183, -0.0003574562856644382, -0.0006893867965118213, 0.999999698485379]
projection_matrix:
  rows: 3
  cols: 4
  data: [1748.393644590714, 0, 752.5268325805664, 0, 0, 1748.393644590714, 593.4522323608398, 0, 0, 0, 1, 0]