image_width: 800
image_height: 600
camera_name: right_optical
camera_matrix:
  rows: 3
  cols: 3
  data: [892.2171639981732, 0, 362.6431870952273, 0, 892.1507418432376, 288.7747868358393, 0, 0, 1]
distortion_model: plumb_bob
distortion_coefficients:
  rows: 1
  cols: 5
  data: [-0.3755429090266364, 0.2494796138165316, 0.002340037198111869, 0.002993901825929355, 0]
rectification_matrix:
  rows: 3
  cols: 3
  data: [0.998420700451211, -0.001354754134040648, -0.0561628841117473, 0.001364800045627057, 0.9999990587876648, 0.0001405155509066198, 0.05616264088652451, -0.0002169447415587195, 0.9984216096938359]
projection_matrix:
  rows: 3
  cols: 4
  data: [861.1243187943764, 0, 414.1659507751465, -87.08209204418554, 0, 861.1243187943764, 290.6231079101562, 0, 0, 0, 1, 0]