image_width: 1600
image_height: 1200
camera_name: left_optical
camera_matrix:
  rows: 3
  cols: 3
  data: [1807.18325964717, 0, 698.9797176312267, 0, 1809.581239830689, 585.1953238972427, 0, 0, 1]
distortion_model: plumb_bob
distortion_coefficients:
  rows: 1
  cols: 5
  data: [-0.3585660167105548, 0.1250559705989471, 0.0002183324490104114, 0.001134498270934672, 0]
rectification_matrix:
  rows: 3
  cols: 3
  data: [0.9999425419492509, 0.0103747529934898, -0.00269764719608638, -0.01037824383510925, 0.9999453211426226, -0.001283269214282661, 0.002684186090697755, 0.001311192320517085, 0.9999955379499096]
projection_matrix:
  rows: 3
  cols: 4
  data: [1780.451109531253, 0, 687.545654296875, 0, 0, 1780.451109531253, 573.1146240234375, 0, 0, 0, 1, 0]