image_width: 800
image_height: 600
camera_name: right_optical
camera_matrix:
  rows: 3
  cols: 3
  data: [896.4762353258571, 0, 383.4922949380389, 0, 898.5565047331405, 298.6614852466847, 0, 0, 1]
distortion_model: plumb_bob
distortion_coefficients:
  rows: 1
  cols: 5
  data: [-0.3771063992163932, 0.1838689863432351, 0.0005675409514024918, -0.0003701827554239259, 0]
rectification_matrix:
  rows: 3
  cols: 3
  data: [0.9974796915055676, 0.05186993263600637, -0.04841255128883257, -0.05248329119186829, 0.9985557615605504, -0.01148456354846373, 0.04774692848369667, 0.01399646893203075, 0.9987613977711631]
projection_matrix:
  rows: 3
  cols: 4
  data: [907.0417740198237, 0, 434.2787284851074, -105.1804739889536, 0, 907.0417740198237, 302.2256011962891, 0, 0, 0, 1, 0]