image_width: 1600
image_height: 1200
camera_name: left_optical
camera_matrix:
  rows: 3
  cols: 3
  data: [1775.743583322438, 0, 758.8447757836382, 0, 1764.053017415247, 587.6508224830548, 0, 0, 1]
distortion_model: plumb_bob
distortion_coefficients:
  rows: 1
  cols: 5
  data: [-0.3722343116973027, 0.1591199333182469, 0.001157231886726796, -0.0007405167288000374, 0]
rectification_matrix:
  rows: 3
  cols: 3
  data: [0.9989925690977091, 0.001292103829887279, -0.0448572999104, -0.001399345100647217, 0.9999962375214224, -0.002359401680149099, 0.04485408254382287, 0.002419795588843473, 0.9989906185087326]
projection_matrix:
  rows: 3
  cols: 4
  data: [1718.522034842917, 0, 828.3662338256836, 0, 0, 1718.522034842917, 583.3672409057617, 0, 0, 0, 1, 0]