image_width: 800
image_height: 600
camera_name: left_optical
camera_matrix:
  rows: 3
  cols: 3
  data: [869.34819, 0, 404.16752, 0, 867.83266, 287.17136, 0, 0, 1]
distortion_model: plumb_bob
distortion_coefficients:
  rows: 1
  cols: 5
  data: [-0.37130, 0.15683, 0.00179, -0.00265, 0.00000]
rectification_matrix:
  rows: 3
  cols: 3
  data: [0.999911117833476, 0.007112313323657564, 0.01127703117822965, -0.006988677309564071, 0.9999154568593336, -0.01096528719427585, -0.01135406634080605, 0.01088550104387896, 0.9998762878699307]
projection_matrix:
  rows: 3
  cols: 4
  data: [877.3407248169561, 0, 369.4123725891113, 0, 0, 877.3407248169561, 284.7674579620361, 0, 0, 0, 1, 0]
