image_width: 800
image_height: 600
camera_name: right_optical
camera_matrix:
  rows: 3
  cols: 3
  data: [868.3207046502785, 0, 398.8314265123352, 0, 864.8884817452902, 281.7791613563731, 0, 0, 1]
distortion_model: plumb_bob
distortion_coefficients:
  rows: 1
  cols: 5
  data: [-0.3782374382529364, 0.1812784256483103, 0.0009590341632045355, -0.002362900504467695, 0]
rectification_matrix:
  rows: 3
  cols: 3
  data: [0.9984937901972025, 0.03225473613147818, 0.0443822367024657, -0.03273789639928312, 0.9994118944377834, 0.01020271511072759, -0.04402704937847622, -0.01164032874834642, 0.9989625226552074]
projection_matrix:
  rows: 3
  cols: 4
  data: [877.3407248169561, 0, 369.4123725891113, -68.24528906817775, 0, 877.3407248169561, 284.7674579620361, 0, 0, 0, 1, 0]