image_width: 800
image_height: 600
camera_name: right_optical
camera_matrix:
  rows: 3
  cols: 3
  data: [900.3994509174233, 0, 382.8522957491649, 0, 870.1560153789775, 290.7586725417099, 0, 0, 1]
distortion_model: plumb_bob
distortion_coefficients:
  rows: 1
  cols: 5
  data: [-0.3654460965366529, 0.1384991849089477, -0.001056899146214131, -0.0004133860369123723, 0]
rectification_matrix:
  rows: 3
  cols: 3
  data: [0.9998438804223129, -0.01476652639599809, 0.009703838428591885, 0.01484529821309127, 0.9998570230849029, -0.008096326868430672, -0.009582896379295481, 0.008239119248583261, 0.9999201393166313]
projection_matrix:
  rows: 3
  cols: 4
  data: [851.5590323035872, 0, 372.1716270446777, -85.82023460692901, 0, 851.5590323035872, 303.4002075195312, 0, 0, 0, 1, 0]
